1.6653345369377348e-14
63.805782935875925
0.5471436846571467
0.18177493666542677
0.002354496018609158
0.1444899294854832
0.27752565448107647
0.4172819465634537
0.5768917961824339
0.7726796164671
1.0306662478432989
1.4001134546489116
1.9919100711985798
3.1249145532419598
6.256889808807625
62.20342467902203
8.703760497654539
4.243494643670537
2.8729808690405525
2.204973750247503
1.8081606327871111
1.5444993514246481
1.3561515591729805
1.214609171001704
1.1041865526677124
1.0155351350629642
0.942733466110377
0.8818463909334693
0.8301551023122354
0.7857198166203698
0.7471186492482543
0.7132850512864141
0.6834029557365812
0.6568370544309574
0.6330851907959647
0.6117450887566532
0.5924906172779288
0.5750545441743542
0.5592157972034595
0.5447899138669456
0.531621784898498
0.5195800727643907
0.5085528703936597
0.49844428992785933
0.4891717570760336
0.4806638466412616
0.4728585373080009
0.46570179431869213
0.45914641086347047
0.45315105531997835
0.4476794835955095
0.44269988491382417
0.4381843362668896
0.4341083460106428
0.4304504711307115
0.4271919958525501
0.42431666173304083
0.42181044131926565
0.41966134901051066
0.4178592840089416
0.41639590125877735
0.4152645071081333
0.41445997712594046
0.41397869409761673
0.4138185047354208
0.41397869409761473
0.4144599771259404
0.4152645071081339
0.4163959012587775
0.4178592840089416
0.41966134901051066
0.421810441319265
0.42431666173304083
0.42719199585254725
0.4304504711307113
0.4341083460106421
0.4381843362668897
0.4426998849138226
0.4476794835955099
0.453151055319982
0.45914641086347047
0.46570179431869463
0.47285853730800087
0.4806638466412601
0.48917175707603344
0.4984442899278595
0.5085528703936599
0.5195800727643879
0.5316217848984981
0.5447899138669475
0.5592157972034594
0.5750545441743545
0.592490617277929
0.6117450887566556
0.6330851907959646
0.6568370544309513
0.6834029557365812
0.7132850512864135
0.7471186492482541
0.7857198166203717
0.8301551023122358
0.8818463909334708
0.9427334661103768
1.0155351350629669
1.1041865526677124
1.2146091710017024
1.3561515591729802
1.544499351424649
1.8081606327871111
2.204973750247504
2.872980869040552
4.243494643670538
8.703760497654539
62.20342467902204
6.256889808807625
3.124914553241961
1.9919100711985802
1.400113454648917
1.0306662478432986
0.7726796164671019
0.5768917961824338
0.417281946563452
0.2775256544810766
0.144489929485481
0.0023544960186090863
0.18177493666542283
0.5471436846571467
63.805782935875925
